History
1990s
2000s
2010s
Voting
List of members representing the district
Election results
1892
1894
1896
1898
1900
1902
1904
1906
1908
1910
1912
1914
1916
1918
1920
1922
1924
1926
1927 (special)
1928
1930
1932
1934
1936
1938
1940
1942
1944 (special)
1944 (general)
1946
1948
1950
1952
1954
1956
1958
1960
1962
1964
1966
1968
1970
1972
1974
1976
1978
1980
1982
1984
1986
1988
1990
1992
1994
1996
1998
2000
2002
2004
2006
2008
2010
2012
2014
2016
2018
2020
Historical district boundaries
See also
References